CF_VERSION = 1.0
FILE_GENERATION_DATE = 20260601
INSTRUMENT_NAME = Pancam01
INSTRUMENT_TYPE = PANCAM
INSTRUMENT_NUMBER = 1
DATA_ORIGINATOR = Muntasir Mahmud

DISPERSION_POLY = -3.566352019e-06 9.797210115e-02 3.904148822e+02
RESOLUTION_POLY = 6.638503e+00 -6.686398e+00 2.214090e+00

N_SPATIAL_BINS = 10
MIDDLE_BIN_INDEX = 5
BIN_ZENITH_STEP_DEG = 1.0
